-0.426199394864074
-0.118811618394148
0.0313285981389342
0.0440455019268156
-1.15790248487326
-0.696818849303315
-0.0494131692684082
0.337712444482264
0.373549254125548
-0.0289315432725769
0.384309358725474
-0.482834449875101
-1.48506621629981
-0.4795607743815
0.647683728830692
-0.288393132822144
0.110265581093919
0.187719081296188
-0.555889828771571
-0.496868006923119
0.397515731440758
-0.403920744249527
0.47474097910487
-0.211475425465303
-0.00985768607580189
-0.337241477546398
0.584146689307239
0.084307578872119
-1.01702279586116
0.516534276531334
0.378259320929947
0.288842034442489
0.229316266422007
0.15415269349472
-0.364589543004858
0.402315290063307
0.289617633893684
-0.241186750379524
0.00233378527948117
0.591046097672584
-0.123648828902588
-0.774648945903673
0.841222399592698
-0.148333413045078
0.298084707035002
0.234115664322159
-0.177577084219815
0.259497967407751
0.0568114673714077
0.116270680298107
-0.708712348298203
-0.286002914099415
0.304972115749768
-0.230195204650159
-0.159909258690945
-0.111545043005136
-0.517598283184044
-0.921911549809296
-0.44910736802887
0.422263284080004
-0.402235355793367
-0.236559881463218
0.0640543810598602
-0.956829993048969
-0.203736774069167
0.247715774955786
-0.0255657692202902
0.232867655826157
0.30081518968863
-0.298710240164664
-1.23943528976341
-0.376638810850273
-0.00468973854318138
0.723285357661756
-0.0172354536195851
-0.0540039034826385
0.458274750320336
0.649648844984198
0.985829281659791
0.421111512968636
-0.26589719030708
0.403677141581421
-0.132216348050806
0.442821655670596
-0.13604538472005
0.322541891980565
-0.619643584763685
-1.59435670172635
0.135053170622717
-0.59458744579846
-0.717654667699134
0.659663166117799
0.411735786774295
0.420319332974432
0.566678143198507
0.0399242591182757
-0.132241564166558
-0.401991868669833
0.0427030944712643
-0.0972171372417661
-1.40581659264023
0.00917802877177018
-1.33100484005776
0.174379496172052
-0.310536702033405
0.456002310327163
-0.243155897738758
0.754856374293336
0.192734258638342
-0.169009301287162
0.386398660411335
0.361972531033522
0.0926935899239163
-0.740552413002733
-0.218094116837371
-0.239886590462965
0.257928645841166
-0.243864568421294
0.0945082342416712
-1.01284413067806
